33.8
34.7
34.9
35.2
35.4
36.8
37.8
37.8
38.2
38.4
39.1
39.3
39.6
40.3
40.6
40.6
40.9
41.0
41.4
42.0
42.2
42.3
42.5
42.5
42.7
42.8
42.8
43.0
43.0
43.1
43.1
43.4
43.4
43.6
43.7
43.7
43.8
44.0
44.0
44.0
44.1
44.3
44.4
44.5
44.5
44.6
44.6
44.6
44.8
44.9
44.9
45.0
45.0
45.0
45.0
45.1
45.2
45.3
45.4
45.5
45.6
45.7
45.8
45.8
45.8
45.8
45.8
46.0
46.0
46.0
46.1
46.1
46.2
46.3
46.5
46.7
46.9
46.9
47.0
47.1
47.1
47.3
47.5
47.6
47.9
48.1
48.1
48.2
48.2
48.2
48.3
48.4
48.5
48.6
48.6
48.6
48.8
48.9
49.0
49.0
49.0
49.1
49.2
49.2
49.5
49.7
49.9
50.0
50.3
50.4
50.6
50.8
50.8
51.2
51.4
51.8
51.9
53.0
53.3
54.0
54.4
54.6
55.1
55.5
